1874028963
1229382835
1609300204
3667364230
3107525465
1523915729
3060423460
3888957804
4217798730
2826624958
1199206909
276963052
782039085
2550967968
966898694
2487435810
2789466243
2275200259
267384121
124374230
795642013
157109617
1218024895
3711899196
1259304807
863652622
4100879078
2278560181
3063629225
3095697309
1889719802
1443940029
2888496381
347407712
3452324913
573701994
2549787482
4248988816
3751884501
3732127837
3434054568
1817466852
2228674549
1877591280
3174416129
1535106183
2425674947
414758840
200855500
1833103175
4262086529
903421814
499909657
2982943333
510766368
219157183
3983848580
2186508668
2809591117
4043688976
449587426
4030751469
655128064
1581382494
1211762584
459646118
1731962549
1070445768
1323139588
3376635037
1143442589
1856741056
1164554902
316217154
3608906687
1280396408
2865617937
3067829712
2136080926
240180848
1772488294
2020701247
3171182936
478856304
4002505067
2611710486
2444941343
2561955609
844503301
4168433478
2943826093
402500416
3643985855
669515752
2436174408
268269824
2246384286
2365278753
167846632
2478556501
2908066336
2757161235
1184610304
1755814509
710869066
3042565853
562786779
3392349749
3981807356
338863468
3080520627
896118492
194369879
2122371316
3762534065
4095501556
2980958027
3737925108
2811096889
2967003787
2804785306
3790183967
1130745864
2032820679
2605599602
681411303
3382230288
1183862666
3348979842
1932627554
547918290
2682635430
785341646
2073036522
24205730
3098932232
1374699975
348992677
3060423460
1874028963
1229382835
4248988816
3751884501
3732127837
3434054568
1817466852
2228674549
1877591280
3174416129
1535106183
2425674947
414758840
200855500
1833103175
4262086529
1443940029
903421814
3042565853
562786779
3452324913
3392349749
3981807356
338863468
3063629225
3095697309
1889719802
2888496381
347407712
2365278753
167846632
2478556501
3643985855
669515752
1609300204
3667364230
194369879
2804785306
3790183967
863652622
2246384286
2278560181
573701994
2549787482
499909657
1130745864
1874028963
1229382835
1609300204
3667364230
3107525465
1523915729
3060423460
4100879078
3452324913
3063629225
3095697309
1889719802
1443940029
2888496381
347407712
3751884501
4248988816
3732127837
3434054568
1817466852
2228674549
1877591280
3174416129
1535106183
2425674947
414758840
200855500
1833103175
4262086529
903421814
1755814509
2365278753
167846632
2478556501
2908066336
1184610304
2757161235
710869066
3643985855
669515752
3762534065
2550967968
194369879
2122371316
2804785306
3790183967
2436174408
3098932232
863652622
2246384286
2278560181
573701994
2549787482
1374699975
499909657
1130745864
547918290
785341646
348992677
1874028963
1229382835
1609300204
3667364230
3107525465
1523915729
3060423460
3888957804
4217798730
2826624958
1199206909
276963052
782039085
2550967968
966898694
2487435810
2789466243
2275200259
267384121
124374230
795642013
157109617
1218024895
3711899196
1259304807
863652622
4100879078
2278560181
3063629225
3095697309
1889719802
1443940029
2888496381
347407712
3452324913
573701994
2549787482
4248988816
3751884501
3732127837
3434054568
1817466852
2228674549
1877591280
3174416129
1535106183
2425674947
414758840
200855500
1833103175
4262086529
903421814
499909657
2982943333
510766368
219157183
3983848580
2186508668
2809591117
4043688976
449587426
4030751469
655128064
1581382494
1211762584
459646118
1731962549
1070445768
1323139588
3376635037
1143442589
1856741056
1164554902
316217154
3608906687
1280396408
2865617937
3067829712
2136080926
240180848
1772488294
2020701247
3171182936
478856304
4002505067
2611710486
2444941343
2561955609
844503301
4168433478
2943826093
402500416
3643985855
669515752
2436174408
268269824
2246384286
2365278753
167846632
2478556501
2908066336
2757161235
1184610304
3080520627
896118492
194369879
2122371316
3762534065
4095501556
2980958027
3737925108
2811096889
2967003787
2804785306
3790183967
1130745864
2032820679
2605599602
681411303
3382230288
1183862666
3348979842
1932627554
547918290
2682635430
785341646
2073036522
24205730
1609300204
3667364230
161587431
1308783360
2320221570
1002444151
524602514
1657932831
240264538
3060423460
347407712
4030481678
677265796
3239315097
293413627
2216941189
4248988816
3259298189
1602801431
1581382494
1211762584
219157183
2982943333
510766368
459646118
1731962549
3983848580
1070445768
1323139588
3376635037
2186508668
2809591117
1143442589
1856741056
1164554902
316217154
3608906687
1280396408
2865617937
3067829712
4043688976
2136080926
240180848
1772488294
2020701247
3171182936
478856304
4002505067
2611710486
2444941343
2827669024
1604475245
3715991182
972650862
729637864
3310015264
880239678
3434054568
323416855
1799181792
3137638102
1890553443
2035980266
556577899
826893070
3843192662
1773373624
4003425584
172908995
3102892793
2615136290
3502584994
4121508723
1411265913
260030156
2235289439
3536927175
1096712176
362615755
3255201416
1452770230
5416907
2691901721
2246197837
989172966
597097864
428215149
429226880
449587426
4030751469
655128064
2804785306
1443940029
2365278753
167846632
2478556501
863652622
1874028963
2300278584
1875977924
200855500
1243431093
2487435810
2628133642
1008322305
785341646
1932627554
3348979842
997973984
2026951978
24205730
2682635430
3423676408
2000092818
2073036522
348992677
543566759
1500889786
3470820743
3193633455
1199206909
1755814509
276963052
2943826093
699393677
2642136655
2605599602
4285348107
3684758308














1020034664
1407045608
223232668
167749472
1002444151
3060423460
1382092107
3915082259
441164490
1327370816
934708446
380689680
4194342425
4248988816
1609300204
3667364230
3434054568
1443940029
867361900
939617936
677265796
200855500
4050311795
2549787482
661000551
1712676336
604912434
1833103175
2396875770
2516570510
79620402
1044850173
2065229783
1547663264
562786779
3042565853
2032820679
3518579288
1872608665
3060423460
1229382835
1559077188
2908066336
3063629225
3095697309
1889719802
1443940029
2888496381
347407712
3452324913
2365278753
167846632
2478556501
3643985855
669515752
194369879
2122371316
2804785306
3060423460
1874028963
1229382835
4248988816
3751884501
3732127837
3434054568
1817466852
2228674549
1877591280
3174416129
1535106183
2425674947
414758840
200855500
1833103175
4262086529
1443940029
903421814
3042565853
562786779
3452324913
3392349749
3981807356
338863468
3063629225
3095697309
1889719802
2888496381
347407712
2365278753
167846632
2478556501
3643985855
669515752
1609300204
3667364230
194369879
2804785306
3790183967
863652622
2246384286
573701994
2549787482
499909657
1130745864
1874028963
1229382835
1609300204
3667364230
3107525465
1523915729
3060423460
4100879078
3452324913
3063629225
3095697309
1889719802
1443940029
2888496381
347407712
3751884501
4248988816
3732127837
3434054568
1817466852
2228674549
1877591280
3174416129
1535106183
2425674947
414758840
200855500
1833103175
4262086529
903421814
1755814509
2365278753
167846632
2478556501
2908066336
1184610304
2757161235
710869066
3643985855
669515752
3762534065
2550967968
194369879
2122371316
2804785306
3790183967
2436174408
3098932232
863652622
2246384286
573701994
2549787482
1374699975
499909657
1130745864
547918290
785341646
348992677
1874028963
1229382835
1609300204
3667364230
3107525465
1523915729
3060423460
3888957804
4217798730
2826624958
1199206909
276963052
782039085
2550967968
966898694
2487435810
2789466243
2275200259
267384121
124374230
795642013
157109617
1218024895
3711899196
1259304807
863652622
4100879078
3063629225
3095697309
1889719802
1443940029
2888496381
347407712
3452324913
573701994
2549787482
4248988816
3751884501
3732127837
3434054568
1817466852
2228674549
1877591280
3174416129
1535106183
2425674947
414758840
200855500
1833103175
4262086529
903421814
2246384286
499909657
2982943333
510766368
219157183
3983848580
2186508668
2809591117
4043688976
449587426
4030751469
655128064
1581382494
1211762584
459646118
1731962549
1070445768
1323139588
3376635037
1143442589
1856741056
1164554902
316217154
3608906687
1280396408
2865617937
3067829712
2136080926
240180848
1772488294
2020701247
3171182936
478856304
4002505067
2611710486
2444941343
2561955609
597097864
2691901721
4168433478
2943826093
1591274734
4262350271
3080520627
402500416
3643985855
669515752
2436174408
268269824
2365278753
167846632
2478556501
2908066336
2757161235
1184610304
896118492
194369879
2122371316
3762534065
4095501556
2980958027
3737925108
2811096889
2967003787
2804785306
3790183967
1130745864
2032820679
2605599602
681411303
3382230288
2246197837
989172966
3348979842
1932627554
547918290
2682635430
785341646
2073036522
24205730
3470570626
782039085
710869066
3518579288
1547663264
191161056
2207056216
2463709659
979667102
210738058
1020034664
3892913519
3967735570
1002444151
350574440
3096699270
3060423460
2152310156
782395565
3602231428
2065229783
548683074
3490217590
1930011854
1653540995
463201849
2604244079
1774386934
4248988816
4277021031
4253622613
727653266
2699599328
3037195793
1402065744
2925256867
786419785
2177790082
3067639760
110571521
1072100756
2021796580
3888957804
2453564602
3640462973
653627107
3910654986
1290671364
2260066895
562786779
863652622
4075462762
4205556632
754170468
4003440560
3212277355
2315768251
3085985098
2164609811
2951665770
3060700064
2753041004
1324102109
917792262
1763234443
1211968181
2549311373
2811925356
2312069478
4221192242
354192043
2876232922
500384956
1173041591
1365864713
2019454542
3286423132
3688785727
1569034883
1609300204
3667364230
661000551
604912434
1833103175
2396875770
2516570510
79620402
3434054568
200855500
939617936
677265796
4050311795
1443940029
1044850173
574181587
3502379926
977422433
824789618
824408411
1111670774
2362771455
2044465318
3352913277
1086223849
2887565035
1871875318
2580202544
2780274013
1200260476
2094811826
928020283
1905727598
1681962887
2826496574
1276846129
3604395815
2240028363
3085699132
2362249739
2781645609
550182438
1177436622
4167459971
3617898331
1407045608
2307601711
2632559603
2218743230
950609046
2320336803
1708249336
402877161
1707642328
211911906
2965412954
3167832856
2582319433
1392797293
3042565853
1825564094
1714656850
1817466852
1910490106
1234256747
2020600265
4030880232
3952566781
417173539
668566433
1204286876
1348934262
487049647
1030402365
1297220034
987306999
2331851050
2678862135
498003662
2757608959
596072778
1821536914
771924740
1911546275
1545539726
2128517462
3981807356
1949016536
1498963187
2489215967
599079129
499301797
210841560
586171412
4230820522
3290357532
3836082604
4182955545
1697904258
1494970676
3441348383
503390336
3729115795
2425674947
2836120028
3452027864
2487817249
3940400740
2974755510
3050189756
3826348961
164974799
580567249
2312501061
4169464193
646375659
1971244810
238941382
3335043076
867361900
52389219
1872608665
3392466202
1511128960
3807934926
312157404
1974812159
1876592590
916961442
3207160522
885288478
4268783529
2783386958
3626603932
2327297069
4270815501
2576633801
4100241818
488705836
2219090597
2529877383
296149586
3427451881
3974703115
1338516823
287823199
1426766982
2238532331
1116504272
1332649192
1605419593
1525911815
4024112072
1359196016
99988710
2226748169
2910293050
1121942250
2284993577
3024701336
2956063399
1035533128
2305625472
415384917
2192778214
4156623511
1098737911
1940227850
2907303717
4035046179
903421814
414758840
1535106183
4262086529
3732127837
4232985384
3915082259
441164490
1756117786
3411128762
3788092806
1725400126
405712969
1134268167
1577618705
1828827812
1591501410
2490359052
3462133627
549237323
1036886904
3764014463
1873552610
2868559938
335220238
3888849708
4023029088
3552248524
1879901352
967042252
2956972387
1712676336
4214316808
2549787482
2019038048
4140445515
3883732527
2201619313
230161841
182747073
2882486428
67411283
4209158186
1877591280
3174416129
3452324913
3062926292
1982800329
3304911132
1020034664
2284756578
1130224910
296149586
114453222
1002444151
3060423460
2453564602
3974703115
3407855722
1708249336
56766426
678558227
1271892323
3884385762
434434078
102159744
2768615264
2176323011
3534603625
2364470707
1137293788
1950811750
3353904855
2267370513
1889222222
2231301112
3907089279
3885072050
1092922428
1365890865
1288564255
1523062545
1545539726
2586683254
1645728570
3751385610
3531433892
4051168592
408890309
2853141483
796671232
2580937146
1348045506
841250141
2729919132
564941645
4175774953
2001094129
1853232948
2641274898
587670161
1533088598
1123127584
1547663264
3763457755
2065229783
1854752630
1875977924
3060423460
432582652
3518579288
1875977924
3060423460
432582652
3518579288
1875977924
3060423460
432582652
3518579288
1020034664
2284756578
1130224910
114453222
1002444151
3060423460
2453564602
3974703115
3407855722
1708249336
56766426
678558227
1271892323
3884385762
434434078
102159744
2768615264
2176323011
3534603625
2364470707
1137293788
1950811750
3353904855
2267370513
1889222222
2231301112
3907089279
3885072050
1092922428
1365890865
1288564255
1523062545
1854752630
161587431
1308783360
2320221570
1002444151
524602514
1657932831
240264538
3060423460
347407712
4030481678
677265796
3239315097
293413627
2216941189
4248988816
1609300204
3667364230
3259298189
1602801431
1581382494
1211762584
219157183
2982943333
510766368
459646118
1731962549
3983848580
1070445768
1323139588
3376635037
2186508668
2809591117
1143442589
1856741056
1164554902
316217154
3608906687
1280396408
2865617937
3067829712
4043688976
2136080926
240180848
1772488294
2020701247
3171182936
478856304
4002505067
2611710486
2444941343
2827669024
1604475245
3715991182
972650862
729637864
3310015264
880239678
3434054568
323416855
1799181792
3137638102
1890553443
2035980266
556577899
826893070
3843192662
1773373624
4003425584
172908995
3102892793
2615136290
3502584994
4121508723
1411265913
260030156
2235289439
3536927175
1096712176
362615755
3255201416
1452770230
428215149
429226880
989172966
2691901721
2246197837
5416907
597097864
449587426
4030751469
655128064
2804785306
1443940029
2365278753
167846632
2478556501
863652622
1874028963
2300278584
1875977924
2487435810
2628133642
1008322305
785341646
1932627554
3348979842
997973984
2026951978
24205730
2682635430
3423676408
2000092818
2073036522
348992677
543566759
1500889786
3470820743
3193633455
1199206909
1755814509
276963052
2943826093
699393677
2642136655
2605599602
4285348107
3684758308
223232668
1135079327
338863468
1951437533
3413911979
1262390176
4118263184
2992734183
200436178
1286328085
1883152258
4241773465
3137935477
1764533285
4220308358
369143254
3200254092
813418108
2111433940
2310564738
985232212
3422297627
2830064600
380689680
2849085931
1575448380
356557693
2128605049
2022991562
3060423460
3408883982
3310015264
1443940029
1609300204
52389219
3667364230
4248988816
3602231428
2566449012
2983566005
1222562556
920121784
1965244464
1895309945
2686662502
2159136659
616234145
2360858750
3676014548
3109651368
3169469101
1365729222
316066691
817680970
2604088737
1327370816
934708446
4194342425
2761737668
1188828585
2830751930
2876686188
1796301903
1455785475
1060625888
2711633910
2243779383
2096830792
2859005124
1829649085
2865282006
2373005150
3888957804
3278332263
3207160522
1044850173
246204049
2065229783
3753685499
1331773663
3213123006
296888327
2732341232
1657932831
1035533128
2217694148
710869066
2916906725
2908066336
390594619
1170070651
3787645564
283894857
4216032808
3278332263
3902229889
3789346668
1708249336
661000551
79620402
230161841
1523915729
540129548
2804785306
1002444151
50701189
2312501061
2128517462
3981807356
3730941779
2453564602
1856741056
947875141
1681962887
1366036473
678139342
1653540995
3060423460
338863468
217045681
1874028963
4041325946
1888976765
3667364230
4205758419
2757161235
1184610304
249267948
2636719419
52389219
1609300204
1017482268
2550306536
3955928488
2305625472
2060373397
1817466852
1211968181
2632559603
473264539
2776272057
1598452791
3572420048
4150633867
2308169912
4030481678
1813513133
235908301
2152310156
3410793309
3207160522
1611029683
3042565853
863652622
4075462762
466920890
1086904400
1365864713
2019454542
3286423132
2003960267
4205556632
1853232948
3518579288
1292655741
3482471038
987306999
1833103175
1953188796
200855500
1756117786
1697904258
13537349
3404726612
1020034664
1905727598
1281087929
1473416540
2783386958
2126734631
117243726
141544677
1796759342
1861839855
3011557064
3062926292
1714656850
814263513
78688390
2836120028
3452027864
432135636
1613353384
323771978
2312069478
2226903966
2055293648
2926193568
4262350271
350574440
3798139223
3688966595
329841714
4248988816
2549787482
3085666648
604912434
2396875770
2516570510
3434054568
939617936
677265796
4050311795
1443940029
1044850173
1712676336
3452324913
3626153850
3602231428
958800687
2642822318
1250781821
3915082259
441164490
568472541
1547663264
1755814509
3310015264
3587753225
323416855
2113028333
3411128762
415384917
2192778214
3788092806
1725400126
405712969
1774386934
503390336
1134268167
210738058
1577618705
1828827812
1591501410
2490359052
3462133627
549237323
1036886904
3764014463
1873552610
2868559938
335220238
3888849708
4023029088
3552248524
1879901352
967042252
3910654986
1407045608
2956972387
3836082604
3888957804
2564300505
4232985384
562786779
2065229783
1276846129
550182438
3427451881
238941382
885288478
916961442
1876592590
312157404
182747073
903421814
2882486428
4262086529
67411283
3732127837
4209158186
1877591280
3174416129
1535106183
2425674947
414758840
2019038048
4140445515
3883732527
2201619313
3479745402
3310724616
3970930718
1974812159
3392349749
3085699132
3436207121
1489719887
2487817249
2600931199
1508438564
412482329
1655450960
2017090037
3062480278
236673495
3394835863
3940400740
3966915342
2450121699
3807934926
1270219146
594106462
191161056
2776448971
1545539726
2794361937
3794028824
3867104299
2177449642
432582652
449460108
3849136185
454640999
167749472
124001083
3856728652
4239624233
3080520627
2100952911
1591274734
3236020537
979335514
2121469945
3327889248
618587037
1695056812
4277021031
2951665770
2020389401
1819618599
438252662
2719507546
2627196092
92128816
3952222582
2349178160
2125004825
2397149610
353488428
3044064835
1949016536
2218743230
402877161
4230957826
2753874998
2009999424
1707642328
211911906
867361900
371284924
2480281730
1619069529
1872608665
4030324290
855192578
806600362
4009843068
1041068428
374810440
3212277355
2315768251
3085985098
2164609811
2893816203
4003440560
2032531325
3965919306
3604395815
607314349
2549311373
1570144367
1616214078
2733377675
2665958840
2264203942
1230326313
2745900456
1167612930
2102940131
2476084999
2222131336
3913656528
2807473058
721067114
1019682701
3519411021
947697100
1328474970
1882556439
372672272
3264310836
2149693311
3851495406
3239315097
3050189756
1579468480
1331773663
2830959400
814208795
3652401140
1508524834
3699611025
3246487232
347407712
3356762092
56219383
4167459971
3278344823
752539217
3501660498
2006776301
4053618750
215970011
888539692
526807659
1354945084
2612831851
3060700064
4214316808
1475909078
1028082575
1538778138
3655199311
4097999554
2482835527
1861894946
2320336803
2780237206
2965412954
1498963187
1390114997
2569895136
987062631
3784033669
114388013
4130472150
4200499151
493405516
290472581
863015291
1804665530
534112042
4093676425
990180531
727653266
2005863382
640374046
1811081044
2380010700
2242257285
3644330883
2159653676
3787324227
2053822697
2489215967
2667620882
2467380604
3169734586
1255311543
1516554736
1432717035
2554735046
2210608989
177225478
2877795294
1422146455
29085027
456007834
1597780591
4073264964
579891461
2818102916
3536927175
3616870069
2963340181
3640425169
1895381540
3172304985
2021796580
3626603932
1841242128
3480715450
4253622613
2699599328
3037195793
1402065744
2925256867
786419785
2177790082
3441348383
4212522707
981159891
3059497617
2365278753
675936298
524797319
3751884501
92311885
2099652276
4193578223
1327370816
934708446
380689680
4194342425
1382092107
4141400844
3071656954
3419765692
3894278898
1993587036
3570118492
1969283539
3651037147
1046049347
348992677
464673720
1776794534
3601232939
1777449521
1559653037
4158789600
1576093426
2944703158
3352913277
3335043076
616667612
601112925
2488009439
2061241110
1087363812
3058383154
1536525828
3074780498
426223911
1087002561
950609046
232724433
4238794710
2885291525
146380032
2315280216
2719775351
2909032777
149414146
3067639760
1020547420
2888496381
466428889
1749756942
1889719802
3063629225
3095697309
5116641
1314653191
2762178716
2640674906
78804902
3184477965
3796823294
2683157527
3094304192
3765331605
3826348961
1127774743
1056900273
1365890865
1288564255
1233633572
1801221640
2577992445
3898324671
4098997873
940023130
1344265272
2033073750
3470570626
2457527569
1666134883
3024684642
889256151
3940338086
3967735570
2913907893
959647114
1682413927
223232668
110571521
2508705168
979667102
2876232922
1173041591
3688785727
3640462973
3232826401
3491997681
2930221874
2246384286
3189100158
1587461031
2278560181
4245903021
3017426444
2032820679
40980436
3712781931
1014340728
296888327
283894857
2636719419
4216032808
2732341232
710869066
3640425169
2550306536
1017482268
4041325946
1888976765
3787645564
1170070651
2060373397
1817466852
1035533128
2916906725
3278332263
1002444151
2300278584
1875977924
3902229889
3789346668
1708249336
661000551
79620402
230161841
1523915729
540129548
3098932232
1081331096
479358487
3392630417
1015623080
50701189
2312501061
2128517462
3981807356
3730941779
2453564602
338863468
217045681
1695056812
1335143308
3667364230
249267948
52389219
1609300204
1211968181
2632559603
473264539
1856741056
2776272057
1598452791
3572420048
4150633867
2308169912
4030481678
1813513133
3410793309
3207160522
2683157527
1611029683
3042565853
1365864713
2019454542
3286423132
1086904400
863652622
1046049347
4075462762
466920890
1853232948
1607849663
1028082575
1586225360
1681962887
3518579288
2305625472
794586234
1799541819
3640355800
1292655741
3482471038
678139342
987306999
1653540995
13537349
4136116101
3404726612
1697904258
1020034664
1905727598
1473416540
2783386958
2126734631
1796759342
3062926292
117243726
1714656850
3507511544
814263513
78688390
3060423460
2719775351
2909032777
1087363812
149414146
4238794710
2885291525
146380032
2061241110
2315280216
2836120028
3452027864
432135636
1613353384
323771978
2312069478
2226903966
2055293648
2926193568
4262350271
350574440
3798139223
3688966595
329841714
3512134842
1547663264
1545539726
604912434
4248988816
1861839855
958800687
141544677
3011557064
2642822318
2564300505
3910654986
1407045608
2019038048
4140445515
3883732527
2201619313
1873552610
3479745402
3310724616
3867104299
1443940029
2177449642
432582652
449460108
3849136185
454640999
167749472
124001083
2152310156
3856728652
3955928488
3602231428
4239624233
3080520627
2100952911
1591274734
3236020537
979335514
2121469945
3327889248
618587037
4277021031
2951665770
2020389401
1819618599
438252662
2719507546
2627196092
92128816
3952222582
2349178160
2125004825
2397149610
353488428
3044064835
3836082604
3434054568
1712676336
1833103175
2396875770
2516570510
200855500
939617936
677265796
4050311795
1044850173
1949016536
2218743230
402877161
4230957826
2753874998
2009999424
1707642328
211911906
867361900
371284924
3915082259
441164490
380689680
903421814
414758840
3732127837
182747073
1535106183
5116641
855192578
1314653191
3392349749
3452324913
2549787482
2762178716
3888957804
3894278898
3751884501
1993587036
1382092107
1327370816
934708446
4194342425
92311885
2099652276
4193578223
3085666648
2794361937
2640674906
1874028963
2600931199
2065229783
1270219146
594106462
2776448971
191161056
412482329
3794028824
4262086529
4232985384
562786779
2882486428
67411283
4209158186
1877591280
3174416129
2425674947
1276846129
550182438
3427451881
238941382
885288478
916961442
1876592590
312157404
78804902
1882556439
4205556632
3184477965
967042252
1969283539
3796823294
947875141
2467380604
3169734586
1255311543
1516554736
1432717035
2480281730
1756117786
1619069529
1755814509
3310015264
3587753225
323416855
2113028333
3411128762
415384917
2192778214
3788092806
1725400126
405712969
1774386934
503390336
1134268167
210738058
1577618705
1828827812
1591501410
2490359052
3462133627
549237323
1036886904
3764014463
2868559938
335220238
3888849708
4023029088
3552248524
1879901352
2956972387
1872608665
4030324290
806600362
4009843068
1041068428
374810440
3212277355
2315768251
3085985098
2164609811
2893816203
4003440560
2032531325
3965919306
3604395815
607314349
2549311373
1570144367
1616214078
2733377675
2665958840
2264203942
1230326313
2745900456
1167612930
2102940131
2476084999
2487817249
2222131336
3913656528
2807473058
721067114
1019682701
3519411021
2003960267
947697100
1328474970
372672272
3264310836
2149693311
3851495406
3239315097
3085699132
3050189756
1579468480
1331773663
2830959400
814208795
3652401140
1508524834
3699611025
3246487232
2804785306
347407712
3356762092
56219383
4167459971
3278344823
752539217
3501660498
2006776301
4053618750
215970011
888539692
526807659
1354945084
2612831851
3060700064
4214316808
1475909078
1538778138
3655199311
4097999554
2482835527
1861894946
2320336803
2780237206
2965412954
1498963187
1390114997
2569895136
987062631
3784033669
114388013
4130472150
4200499151
493405516
290472581
863015291
1804665530
534112042
4093676425
990180531
727653266
2005863382
640374046
1811081044
2380010700
2242257285
3644330883
2159653676
3787324227
2053822697
2489215967
2667620882
2554735046
2210608989
177225478
1655450960
2877795294
1422146455
29085027
456007834
1597780591
4073264964
579891461
2818102916
3536927175
3616870069
2963340181
1895381540
3172304985
4253622613
2699599328
3037195793
1402065744
2925256867
786419785
2177790082
3441348383
2021796580
3626603932
1841242128
3480715450
4212522707
981159891
3059497617
2228674549
3058383154
4141400844
3071656954
3419765692
3570118492
3651037147
348992677
464673720
1776794534
3601232939
1777449521
1559653037
4158789600
426223911
1087002561
3096699270
950609046
232724433
2032820679
792257933
3708262935
1951985397
2307601711
1009392134
3094304192
3765331605
1974812159
3826348961
1127774743
1056900273
2577992445
3898324671
4098997873
940023130
1344265272
2033073750
3470570626
2457527569
1666134883
3024684642
889256151
3940338086
3967735570
2913907893
959647114
1682413927
223232668
3712781931
40980436
2278560181
2246384286
3189100158
1587461031
4245903021
3017426444
110571521
1250781821
2508705168
979667102
2876232922
1173041591
3688785727
3138225354
3640462973
3232826401
3491997681
2930221874
1365890865
1288564255
1014340728
338863468
3311998219
3452072858
426904974
3189100158
2246384286
1609300204
710869066
4112877749
1109255128
1708249336
2552539467
3667364230
1653540995
2362249739
1631874888
1580098728
2018944318
947875141
1813513133
1158691626
3568796303
52389219
1002444151
91319710
4188745403
2288858136
276306188
117243726
548683074
963605953
1057626124
3060423460
861108277
1681962887
3566248578
230161841
2776272057
3797161233
1576291782
3892913519
3770348127
3604021967
356502395
782039085
1932105219
4030481678
1856741056
3470570626
782039085
710869066
987306999
2908066336
1462128473
1910490106
1953188796
3518579288
1547663264
191161056
2207056216
2463709659
979667102
210738058
1020034664
3892913519
3967735570
1002444151
350574440
3096699270
3060423460
2152310156
782395565
2065229783
548683074
3490217590
1930011854
1653540995
463201849
2604244079
1774386934
4248988816
4277021031
4253622613
727653266
2699599328
3037195793
1402065744
2925256867
786419785
2177790082
3067639760
110571521
1072100756
2021796580
3888957804
2453564602
3640462973
653627107
3910654986
1290671364
2260066895
4033253095
2312501061
167749472
562786779
863652622
4075462762
4205556632
754170468
4003440560
3212277355
2315768251
3085985098
2164609811
2951665770
3060700064
2753041004
1324102109
917792262
1763234443
1211968181
2549311373
2811925356
2312069478
4221192242
1874028963
1714656850
354192043
2876232922
500384956
1173041591
1365864713
2019454542
3286423132
3688785727
1569034883
79620402
2783386958
1756117786
3411128762
3788092806
1725400126
405712969
503390336
1134268167
1577618705
1828827812
1591501410
2490359052
3462133627
549237323
1036886904
3764014463
1873552610
2868559938
335220238
3888849708
4023029088
3552248524
1879901352
967042252
1407045608
2956972387
1609300204
3667364230
3836082604
604912434
1712676336
1833103175
2396875770
2516570510
661000551
3434054568
200855500
939617936
677265796
4050311795
1443940029
1044850173
3085699132
4214316808
1872608665
4030481678
3915082259
182747073
3174416129
52389219
441164490
3042565853
1576093426
2944703158
2099652276
958800687
3352913277
117243726
141544677
2836120028
3335043076
616667612
601112925
4232985384
903421814
2882486428
4262086529
67411283
3732127837
4209158186
1877591280
1535106183
2425674947
3452324913
1545539726
2549787482
2488009439
2061241110
1087363812
3058383154
2019038048
4140445515
3883732527
2201619313
230161841
3310015264
2278560181
4245903021
3017426444
2246384286
3189100158
380689680
414758840
5116641
2305625472
855192578
1314653191
3392349749
2762178716
1035533128
3894278898
3751884501
1993587036
1382092107
1327370816
934708446
4194342425
2032820679
92311885
4193578223
3085666648
2640674906
2600931199
1270219146
594106462
2776448971
3452027864
3441348383
412482329
3794028824
1276846129
550182438
3427451881
238941382
885288478
916961442
1876592590
312157404
78804902
1882556439
3184477965
1969283539
3796823294
2683157527
1856741056
2126734631
947875141
2467380604
3169734586
3207160522
1255311543
1516554736
1432717035
1841242128
3480715450
4141400933
1990679768
638757040
3364103601
2657472058
1294190698
574181587
1957256954
3502379926
977422433
824789618
824408411
1111670774
2362771455
2044465318
1086223849
2887565035
1871875318
2580202544
2780274013
1200260476
2094811826
928020283
867361900
2373005150
514926668
2794361937
1905727598
1681962887
2826496574
3604395815
2240028363
2362249739
2781645609
1177436622
4167459971
3617898331
2307601711
2632559603
2218743230
950609046
2320336803
1708249336
402877161
1707642328
211911906
2965412954
3167832856
2582319433
1392797293
2480281730
3649408819
493609926
1825564094
1817466852
1234256747
2020600265
4030880232
3952566781
417173539
668566433
1204286876
1348934262
487049647
1030402365
1297220034
2331851050
2678862135
498003662
2757608959
596072778
1821536914
771924740
1911546275
557951213
1868022336
3062926292
1142425355
4043479512
3785110494
3021329049
3406686479
497904798
547540902
1786617047
2128517462
3981807356
1949016536
1498963187
2489215967
599079129
499301797
210841560
586171412
4230820522
3290357532
4182955545
1697904258
1494970676
3729115795
2487817249
3940400740
2974755510
3050189756
3826348961
164974799
580567249
4169464193
646375659
1971244810
3392466202
1511128960
3807934926
1974812159
4268783529
3626603932
2327297069
4270815501
2576633801
4100241818
488705836
2219090597
2529877383
296149586
3974703115
1338516823
287823199
1426766982
2238532331
1116504272
1332649192
1605419593
1525911815
4024112072
1359196016
99988710
2226748169
2910293050
1121942250
2284993577
3024701336
2956063399
415384917
2192778214
4156623511
3537049747
503755709
3602231428
1098737911
1940227850
2907303717
4035046179
4112877749
1982800329
3304911132
